name: flask_env2
channels:
  - conda-forge
  - defaults
dependencies:
  - _libavif_api=1.4.1=h57928b3_0
  - aom=3.9.1=he0c23c2_0
  - bzip2=1.0.8=h2bbff1b_6
  - ca-certificates=2026.4.22=h4c7d964_0
  - cairo=1.18.4=h5782bbf_0
  - dav1d=1.2.1=hcfcfb64_0
  - font-ttf-dejavu-sans-mono=2.37=hab24e00_0
  - font-ttf-inconsolata=3.000=h77eed37_0
  - font-ttf-source-code-pro=2.038=h77eed37_0
  - font-ttf-ubuntu=0.83=h77eed37_3
  - fontconfig=2.17.1=hd47e2ca_0
  - fonts-conda-ecosystem=1=0
  - fonts-conda-forge=1=hc364b38_1
  - freetype=2.14.2=h57928b3_0
  - graphite2=1.3.14=hac47afa_2
  - harfbuzz=11.5.1=h5f2951f_0
  - icu=75.1=he0c23c2_0
  - lerc=4.1.0=hd936e49_0
  - libavif16=1.4.1=h41d0b9c_0
  - libdeflate=1.25=h51727cc_0
  - libexpat=2.8.0=hd7fb8db_0
  - libffi=3.4.8=h2b21627_2
  - libflac=1.5.0=h08124e9_1
  - libfreetype=2.14.2=h57928b3_0
  - libfreetype6=2.14.2=hdbac1cb_0
  - libglib=2.86.0=h5f26cbf_0
  - libiconv=1.18=hc1393d2_2
  - libintl=0.22.5=h5728263_3
  - libjpeg-turbo=3.1.4.1=hfd05255_0
  - liblzma=5.8.2=hfd05255_0
  - libmad=0.15.1b=hcfcfb64_1001
  - libogg=1.3.5=h2466b09_1
  - libpng=1.6.55=h7351971_0
  - libtiff=4.7.1=h8f73337_1
  - libusb=1.0.29=h1839187_0
  - libvorbis=1.3.7=h5112557_2
  - libvulkan-loader=1.4.341.0=h477610d_0
  - libwebp-base=1.6.0=h4d5522a_0
  - libzlib=1.3.1=h1c6eee0_1
  - mpg123=1.32.9=h01009b0_0
  - openssl=3.6.2=hf411b9b_0
  - pcre2=10.46=h3402e2f_0
  - pip=26.0.1=pyhc872135_1
  - pixman=0.46.4=h5112557_1
  - portmidi=2.0.8=hac47afa_0
  - pygame=2.6.1=py311h6bc0e2c_0
  - python=3.11.15=h1044e36_0
  - python_abi=3.11=2_cp311
  - rav1e=0.8.1=h007690e_0
  - sdl2=2.32.56=h5112557_0
  - sdl2_image=2.8.2=h5ca362a_1
  - sdl2_mixer=2.6.3=hcd0ef4b_2
  - sdl2_ttf=2.24.0=hd2a6e60_1
  - sdl3=3.4.8=h5112557_0
  - setuptools=82.0.1=py311haa95532_0
  - sqlite=3.51.2=hee5a0db_0
  - svt-av1=4.0.1=hac47afa_0
  - tk=8.6.15=hf199647_0
  - ucrt=10.0.22621.0=haa95532_0
  - vc=14.3=h2df5915_10
  - vc14_runtime=14.44.35208=h4927774_10
  - vs2015_runtime=14.44.35208=ha6b5a95_10
  - xz=5.8.2=h53af0af_0
  - zlib=1.3.1=h1c6eee0_1
  - zstd=1.5.7=h534d264_6
  - pip:
      - alembic==1.18.4
      - anyio==4.13.0
      - blinker==1.9.0
      - certifi==2026.2.25
      - cffi==2.0.0
      - charset-normalizer==3.4.7
      - click==8.3.2
      - colorama==0.4.6
      - cryptography==48.0.0
      - et-xmlfile==2.0.0
      - flask==3.1.3
      - flask-login==0.6.3
      - flask-migrate==4.1.0
      - flask-sqlalchemy==3.1.1
      - flask-wtf==1.2.2
      - greenlet==3.4.0
      - h11==0.16.0
      - httpcore==1.0.9
      - httpx==0.28.1
      - idna==3.11
      - itsdangerous==2.2.0
      - jinja2==3.1.6
      - mako==1.3.10
      - markupsafe==3.0.3
      - narwhals==2.20.0
      - numpy==2.4.4
      - openpyxl==3.1.5
      - packaging==26.2
      - pandas==3.0.2
      - plotly==6.7.0
      - pycparser==3.0
      - pygetwindow==0.0.9
      - pymysql==1.1.2
      - pyrect==0.2.0
      - python-dateutil==2.9.0.post0
      - python-dotenv==1.2.2
      - requests==2.33.1
      - six==1.17.0
      - sqlalchemy==2.0.49
      - tenacity==9.1.4
      - typing-extensions==4.15.0
      - tzdata==2026.2
      - urllib3==2.6.3
      - werkzeug==3.1.8
      - wheel==0.47.0
      - wikipedia-api==0.14.1
      - wtforms==3.2.1
prefix: C:\Users\namika\anaconda3\envs\flask_env2
